0.08768841176470588
0.11978988235294118
0.20260741176470584
0.3082971764705882
0.3648708235294118
0.12643417647058822
0.08491094117647059
0.1351104705882353
0.26658705882352934
0.3332522352941176
0.3501444705882352
0.46689841176470587
0.2633410588235294
AndrouxThomas
0.10286670588235296
0.14503935294117648
0.1705704117647059
0.31941129411764696
0.36279599999999995
0.20395041176470588
0.0687985294117647
0.08458117647058824
0.2957485882352941
0.34757270588235295
0.43505388235294107
0.5616680000000001
0.25360394117647056
AndrouxThomas
